|	P02649
10	0.2668
12	0.7332
|	P08729
16	0.222285823316161
17	0.777714176683839
|	A4D1E9
12	1.0
|	A6NDG6
8	1.0
|	O00148
17	1.0
|	O00151
9	1.0
|	O00154
11	0.5754318618042227
16	0.4245681381957773
|	O00165
8	1.0
|	O00217
2	1.0
|	O00231
15	0.33559322033898303
16	0.6644067796610169
|	O00264
3	0.6380311427817367
5	0.3619688572182634
|	O00273
11	0.1797923524943023
12	0.8202076475056976
|	O00299
6	1.0
|	O00442
12	1.0
|	O00487
8	1.0
|	O00625
8	1.0
|	O00629
21	1.0
|	O00764
8	0.17735632183908046
9	0.6891954022988506
11	0.13344827586206898
|	O14657
9	1.0
|	O14684
1	0.38023190045248867
3	0.6197680995475113
|	O14732
6	0.2520473157415833
7	0.48784609385155336
9	0.2601065904068634
|	O14818
5	1.0
|	Q8TAA3
5	1.0
|	O14828
12	1.0
|	O14880
1	1.0
|	O14908
11	1.0
|	O14925
2	0.5335062689148292
4	0.4664937310851708
|	O14929
15	0.3426954940391999
16	0.6573045059608001
|	P19105
1	0.40184103381129405
3	0.5981589661887059
|	O14950
1	0.40184103381129405
3	0.5981589661887059
|	P24844
1	0.40184103381129405
3	0.5981589661887059
|	O15145
2	0.20040485829959515
3	0.7995951417004049
|	O15160
12	1.0
|	O15173
2	0.2595875891308537
4	0.4738870687993833
6	0.266525342069763
|	O15372
11	0.19533865567859904
12	0.804661344321401
|	O15460
21	1.0
|	O15498
3	1.0
|	O43169
1	0.5513085818624468
2	0.44869141813755326
|	O43172
21	1.0
|	O43324
2	1.0
|	O43396
8	1.0
|	O43399
5	1.0
|	Q8NHP1
9	0.873209615145099
15	0.126790384854901
|	O43598
1	1.0
|	O43617
3	0.5648678414096916
7	0.43513215859030835
|	O43681
12	1.0
|	O43684
10	0.6781215985072306
12	0.3218784014927694
|	O43709
8	1.0
|	O43760
3	0.3010675302866739
4	0.36835792251409377
8	0.13721962336571908
10	0.1933549238335133
|	O43765
9	0.2533
10	0.7467
|	O43809
4	1.0
|	O43837
12	1.0
|	O60256
11	1.0
|	O60547
12	1.0
|	O60664
16	1.0
|	O60684
21	1.0
|	P52294
21	1.0
|	O15131
21	1.0
|	O60701
21	1.0
|	O60762
5	1.0
|	Q99880
1	0.6266650666026642
3	0.25093003720148804
6	0.12240489619584782
|	Q99879
1	0.6266650666026642
3	0.25093003720148804
6	0.12240489619584782
|	Q99877
1	0.6266650666026642
3	0.25093003720148804
6	0.12240489619584782
|	Q93079
1	0.6266650666026642
3	0.25093003720148804
6	0.12240489619584782
|	Q5QNW6
1	0.6266650666026642
3	0.25093003720148804
6	0.12240489619584782
|	Q16778
1	0.6266650666026642
3	0.25093003720148804
6	0.12240489619584782
|	P62807
1	0.6266650666026642
3	0.25093003720148804
6	0.12240489619584782
|	P58876
1	0.6266650666026642
3	0.25093003720148804
6	0.12240489619584782
|	P33778
1	0.6266650666026642
3	0.25093003720148804
6	0.12240489619584782
|	P23527
1	0.6266650666026642
3	0.25093003720148804
6	0.12240489619584782
|	P06899
1	0.6266650666026642
3	0.25093003720148804
6	0.12240489619584782
|	O60814
1	0.6266650666026642
3	0.25093003720148804
6	0.12240489619584782
|	P57053
1	0.6266650666026642
3	0.25093003720148804
6	0.12240489619584782
|	Q8N257
1	0.6266650666026642
3	0.25093003720148804
6	0.12240489619584782
|	Q96A08
1	0.6266650666026642
3	0.25093003720148804
6	0.12240489619584782
|	Q6DRA6
1	0.6266650666026642
3	0.25093003720148804
6	0.12240489619584782
|	Q6DN03
1	0.6266650666026642
3	0.25093003720148804
6	0.12240489619584782
|	O60828
9	1.0
|	O60831
1	1.0
|	O60884
15	1.0
|	O75131
21	1.0
|	Q96FN4
21	1.0
|	O95741
21	1.0
|	O75208
8	1.0
|	O75223
1	0.7145809651751576
3	0.2854190348248424
|	O75340
1	0.6503067484662577
3	0.3496932515337423
|	O75367
11	1.0
|	Q9P0M6
11	1.0
|	O75396
3	1.0
|	O75436
10	1.0
|	O75494
6	0.23053341508277134
8	0.4561618638871858
9	0.31330472103004287
|	O75607
1	0.6003554826360404
4	0.23461853978671038
5	0.1650259775772491
|	O75608
3	1.0
|	O75718
15	1.0
|	O75792
7	1.0
|	O75794
10	0.1626685592618879
12	0.26288147622427255
15	0.3303051809794181
16	0.24414478353442157
|	O75818
12	1.0
|	O75822
8	0.1409938557723402
9	0.8590061442276599
|	O75828
6	0.44595305757288706
8	0.5540469424271129
|	O75832
3	1.0
|	O75934
4	0.6461058563091165
6	0.35389414369088346
|	O75935
1	0.8462999999999999
3	0.1537
|	O75937
7	1.0
|	O75947
2	0.6348522167487685
6	0.15701970443349753
7	0.20812807881773396
|	O75955
16	0.4774
17	0.5226
|	O76003
11	1.0
|	O94903
6	1.0
|	O94905
12	1.0
|	O95292
6	1.0
|	O95299
13	0.8413065471889001
15	0.15869345281109987
|	O95336
5	0.6094551673589055
6	0.3905448326410945
|	O95372
3	1.0
|	O95433
11	0.19572286143071535
12	0.8042771385692846
|	O95571
4	0.7428005485296358
6	0.25719945147036416
|	O95747
21	1.0
|	O95816
3	1.0
|	O95861
11	0.4479961254389151
12	0.5520038745610849
|	O95900
9	0.26476843100189035
10	0.7352315689981096
|	O96000
1	1.0
|	O96007
2	1.0
|	O96008
11	0.22498107494322483
12	0.7750189250567752
|	O96019
15	1.0
|	O94805
15	1.0
|	P00374
2	1.0
|	Q86XF0
2	1.0
|	P00492
4	1.0
|	Q9NRG1
4	1.0
|	P00558
13	1.0
|	P00568
2	0.3660040395450197
3	0.6339959604549803
|	P01111
1	0.30437812100801304
3	0.695621878991987
|	P01116
1	0.30437812100801304
3	0.695621878991987
|	P01112
1	0.30437812100801304
3	0.695621878991987
|	P01891
12	1.0
|	P30459
12	1.0
|	P16189
12	1.0
|	P16190
12	1.0
|	P30512
12	1.0
|	P10314
12	1.0
|	P30511
12	1.0
|	Q5VX52
21	0.6021249825248148
22	0.3978750174751853
|	P02792
1	1.0
|	P02794
1	1.0
|	P04040
21	0.6015078082929456
22	0.3984921917070544
|	P04062
21	1.0
|	P04075
10	0.7308200088015256
12	0.2691799911984744
|	P05062
10	0.7308200088015256
12	0.2691799911984744
|	P04181
15	0.6768314687838325
17	0.32316853121616745
|	P04406
9	0.3966197878114977
10	0.6033802121885024
|	Q96L46
4	0.7233898305084746
6	0.27661016949152545
|	P04792
4	1.0
|	P04818
8	0.5676470588235294
10	0.43235294117647055
|	P04899
12	0.7803468208092486
16	0.21965317919075147
|	P11488
12	0.7803468208092486
16	0.21965317919075147
|	P09471
12	0.7803468208092486
16	0.21965317919075147
|	P19087
12	0.7803468208092486
16	0.21965317919075147
|	A8MTJ3
12	0.7803468208092486
16	0.21965317919075147
|	P05026
12	0.6646825396825398
16	0.3353174603174603
|	P05198
9	0.21044487427466155
10	0.7895551257253385
|	P05388
9	1.0
|	Q8NHW5
9	1.0
|	P05455
15	0.38969164308058996
16	0.6103083569194101
|	P05534
12	0.45862616186805716
13	0.541373838131943
|	P30447
12	0.45862616186805716
13	0.541373838131943
|	P06132
11	0.29693546700135964
12	0.7030645329986404
|	P06730
3	0.11905546403075233
4	0.8809445359692477
|	A6NMX2
4	1.0
|	P06733
15	1.0
|	P13929
15	1.0
|	P06748
9	0.18011743820838455
10	0.8198825617916154
|	P06753
7	1.0
|	P07203
2	0.7798353909465021
4	0.22016460905349794
|	P07437
16	0.18587264758958497
17	0.61446249033256
21	0.19966486207785517
|	A6NNZ2
16	0.18587264758958497
17	0.61446249033256
21	0.19966486207785517
|	Q9H4B7
16	0.18587264758958497
17	0.61446249033256
21	0.19966486207785517
|	P07711
11	1.0
|	P07737
1	1.0
|	P07741
2	0.18445829465588118
3	0.3243601644344251
4	0.4911815409096936
|	Q14568
11	1.0
|	Q58FG0
11	1.0
|	P07910
10	0.1411058613203933
11	0.8588941386796067
|	O60812
10	0.1411058613203933
11	0.8588941386796067
|	B2RXH8
10	0.1411058613203933
11	0.8588941386796067
|	P0DMR1
10	0.1411058613203933
11	0.8588941386796067
|	B7ZW38
10	0.1411058613203933
11	0.8588941386796067
|	Q86SE5
10	0.1411058613203933
11	0.8588941386796067
|	P07951
10	1.0
|	P09493
10	1.0
|	P08559
12	0.5555182261044851
13	0.4444817738955149
|	P29803
12	0.5555182261044851
13	0.4444817738955149
|	P08579
4	1.0
|	P08670
17	0.4244092681807754
18	0.5755907318192246
|	P41219
17	0.4244092681807754
18	0.5755907318192246
|	P14136
16	0.5904342148220698
18	0.4095657851779302
|	Q16352
18	1.0
|	P08708
1	1.0
|	P08754
12	1.0
|	P09012
6	1.0
|	P09211
3	0.4639672210171126
4	0.5360327789828875
|	P09382
2	1.0
|	P09417
4	0.871015148089532
6	0.12898485191046802
|	P09429
4	1.0
|	B2RPK0
4	1.0
|	P09488
4	1.0
|	Q03013
4	1.0
|	P09622
18	1.0
|	Q32P51
8	1.0
|	P09661
6	1.0
|	P09972
10	1.0
|	Q9BTM1
2	0.561995127580459
3	0.43800487241954095
|	Q6FI13
2	0.561995127580459
3	0.43800487241954095
|	P20671
2	0.561995127580459
3	0.43800487241954095
|	P0C0S8
2	0.561995127580459
3	0.43800487241954095
|	Q93077
2	0.561995127580459
3	0.43800487241954095
|	Q7L7L0
2	0.561995127580459
3	0.43800487241954095
|	P04908
2	0.561995127580459
3	0.43800487241954095
|	Q96QV6
2	0.561995127580459
3	0.43800487241954095
|	P16104
2	0.561995127580459
3	0.43800487241954095
|	P62987
2	0.41832229580573954
3	0.32516556291390725
6	0.2565121412803532
|	P62979
2	0.41832229580573954
3	0.32516556291390725
6	0.2565121412803532
|	Q01081
8	0.35894736842105257
9	0.6410526315789474
|	P0DN76
8	0.35894736842105257
9	0.6410526315789474
|	P10316
12	1.0
|	P01892
12	1.0
|	P10620
1	0.8493573264781491
3	0.15064267352185087
|	P10644
12	0.553933669636149
16	0.446066330363851
|	P10768
6	1.0
|	P10809
21	1.0
|	P11172
17	1.0
|	P11233
4	1.0
|	P11234
4	1.0
|	P11766
10	0.35714285714285715
11	0.6428571428571429
|	P11908
8	0.7618674604417985
12	0.23813253955820146
|	P12004
7	0.4920894708128751
8	0.507910529187125
|	P12268
18	0.41617147707979624
21	0.5838285229202037
|	P12277
13	0.7364626476453444
15	0.2635373523546556
|	P06732
13	0.7364626476453444
15	0.2635373523546556
|	P13489
15	0.660268270120259
17	0.339731729879741
|	P13674
21	1.0
|	P13693
2	0.55872902534809
3	0.44127097465191006
|	Q9HAU6
2	0.55872902534809
3	0.44127097465191006
|	Q56UQ5
2	0.55872902534809
3	0.44127097465191006
|	P13861
16	1.0
|	P31323
16	1.0
|	P13995
9	0.5038307187157972
11	0.49616928128420285
|	P14550
9	1.0
|	P14618
19	0.30150834403080873
21	0.6984916559691913
|	P30613
21	1.0
|	P63162
4	1.0
|	P14678
4	1.0
|	P15121
8	0.42387005649717513
9	0.34703389830508474
11	0.22909604519774013
|	P15328
8	0.2982502651113468
9	0.7017497348886532
|	P15374
4	1.0
|	P15531
1	0.3593073593073593
2	0.6406926406926406
|	P15559
6	1.0
|	P15880
7	0.6335616438356165
9	0.3664383561643836
|	P15927
6	1.0
|	P16083
3	0.2406572487726681
4	0.759342751227332
|	P16152
6	0.278383072793305
7	0.5199747355123954
11	0.20164219169429973
|	P18846
8	0.25581395348837205
9	0.7441860465116279
|	P16220
9	1.0
|	P16402
6	0.559060973018908
7	0.440939026981092
|	P22492
6	0.559060973018908
7	0.440939026981092
|	P17612
12	1.0
|	P22612
12	1.0
|	P17931
5	1.0
|	P17980
15	0.7572068289952422
17	0.24279317100475786
|	P17987
21	1.0
|	P18031
18	1.0
|	P18085
1	0.3796064789651049
3	0.6203935210348951
|	P18124
5	0.20976720647773278
6	0.7902327935222673
|	P18621
1	0.3210582291943632
3	0.22161659133209255
4	0.3023132145705929
6	0.15501196490295135
|	P18669
5	1.0
|	Q8N0Y7
5	1.0
|	P15259
5	1.0
|	P18754
15	1.0
|	P19387
8	1.0
|	P19388
4	1.0
|	P19623
7	0.5009140767824497
9	0.4990859232175503
|	P19971
16	0.4754
17	0.5246
|	P20339
3	1.0
|	P20340
3	1.0
|	Q9NRW1
3	1.0
|	P21266
4	1.0
|	P21283
12	1.0
|	P21291
1	0.8801105608660601
3	0.11988943913393987
|	P21796
6	0.252478434401957
7	0.747521565598043
|	P21964
6	1.0
|	P22061
3	0.15079279473627444
4	0.6794304821486356
6	0.16977672311509007
|	P22087
9	0.8335028330669766
11	0.16649716693302336
|	P22392
1	0.1359840018821315
2	0.8640159981178684
|	O60361
1	0.1359840018821315
2	0.8640159981178684
|	P22626
9	1.0
|	P22694
12	1.0
|	P23193
9	0.25025267839094395
10	0.749747321609056
|	P23381
17	1.0
|	P23396
6	0.5210304176975694
8	0.47896958230243053
|	P23528
2	0.3783025830258302
3	0.6216974169741698
|	P23919
3	1.0
|	P24534
6	1.0
|	P25398
1	0.22834847128054242
2	0.7716515287194576
|	P25685
10	0.17117516629711754
11	0.8288248337028825
|	P25786
6	1.0
|	P25787
3	1.0
|	P25788
5	1.0
|	P25789
5	1.0
|	P26368
21	1.0
|	P26373
4	0.6523379598436869
6	0.3476620401563132
|	P26583
4	1.0
|	P27105
6	1.0
|	P27348
5	0.27825130602144627
6	0.560901842177619
8	0.16084685180093483
|	P27635
3	0.45604599406528185
4	0.2844955489614243
6	0.2594584569732937
|	Q96L21
3	0.45604599406528185
4	0.2844955489614243
6	0.2594584569732937
|	P27695
9	1.0
|	P27797
17	0.4877535687453043
18	0.5122464312546957
|	P28065
2	1.0
|	P28066
4	0.19359293012979836
5	0.8064070698702016
|	P28072
3	1.0
|	P28482
12	1.0
|	P29692
9	1.0
|	P30040
5	1.0
|	P30041
4	1.0
|	P30043
2	0.3610401671697237
3	0.6389598328302764
|	P30044
2	1.0
|	P30050
2	0.36620674055643515
3	0.6337932594435649
|	P30085
2	1.0
|	P30086
1	0.28775072536899204
2	0.7122492746310081
|	P30419
21	1.0
|	O60551
21	1.0
|	P30453
12	1.0
|	P30457
12	1.0
|	P30450
12	1.0
|	P18462
12	1.0
|	P30456
12	1.0
|	Q29940
12	0.2563045986484259
13	0.7436954013515741
|	P30493
12	0.2563045986484259
13	0.7436954013515741
|	P30492
12	0.2563045986484259
13	0.7436954013515741
|	P30508
12	1.0
|	P30510
12	1.0
|	Q07000
12	1.0
|	P30504
12	1.0
|	Q29960
12	1.0
|	P30505
12	1.0
|	Q9TNN7
12	1.0
|	P30501
12	1.0
|	Q95604
12	1.0
|	P30519
9	0.7770404005122832
12	0.22295959948771685
|	P30533
12	1.0
|	P30536
1	0.7539767970338476
3	0.24602320296615238
|	P30626
1	1.0
|	P30740
12	0.7089090042877562
15	0.29109099571224395
|	P50453
12	0.7089090042877562
15	0.29109099571224395
|	P31153
15	0.3757992327365729
16	0.6242007672634271
|	Q00266
15	0.3757992327365729
16	0.6242007672634271
|	P31350
13	1.0
|	P31689
15	0.8044940967373365
17	0.19550590326266346
|	P31942
9	1.0
|	P31943
16	0.3167442607160058
17	0.36586932091828545
18	0.3173864183657088
|	P31946
5	1.0
|	P31947
5	0.26981336218555585
6	0.7301866378144442
|	P32119
2	1.0
|	P32322
7	1.0
|	P32969
2	0.8526193847342
4	0.14738061526579999
|	P35232
5	1.0
|	P35237
12	0.5997817487382349
13	0.4002182512617651
|	P35249
11	0.48558055261965877
12	0.5144194473803413
|	P35250
12	0.39506927465362673
13	0.6049307253463733
|	P35268
1	0.7491261091691315
4	0.2508738908308685
|	P35270
5	0.6011815252416756
7	0.39881847475832444
|	P35659
13	0.1325699745547074
15	0.3840966921119593
16	0.4833333333333334
|	P35998
15	0.3600613849990409
16	0.6399386150009592
|	P36404
3	1.0
|	P36405
1	0.29960000000000003
3	0.7004
|	P36507
13	0.4274193548387097
16	0.5725806451612904
|	P36542
7	1.0
|	P36543
6	0.26517766497461925
7	0.7348223350253807
|	P36578
16	0.7935726693688476
18	0.20642733063115232
|	P36871
21	1.0
|	P36952
12	1.0
|	P36957
15	0.14648997134670488
16	0.8535100286532951
|	P37235
3	1.0
|	P84074
3	1.0
|	P61601
3	1.0
|	P37268
16	0.32292423142096344
17	0.6770757685790365
|	P37802
2	0.5652287924478825
3	0.43477120755211746
|	Q9UI15
2	0.5652287924478825
3	0.43477120755211746
|	P37837
10	1.0
|	P38117
5	1.0
|	P38159
13	1.0
|	Q96E39
13	1.0
|	O75526
13	1.0
|	P38919
15	1.0
|	P39023
15	0.604312114989733
17	0.39568788501026697
|	Q92901
15	0.604312114989733
17	0.39568788501026697
|	P39687
5	0.5099355899684802
6	0.4900644100315198
|	O43423
5	0.5099355899684802
6	0.4900644100315198
|	P39748
13	0.4107862903225806
16	0.5892137096774194
|	P40121
11	0.15338941118258287
12	0.6968085106382979
16	0.14980207817911922
|	P40227
21	1.0
|	Q92526
21	1.0
|	P40261
5	0.24008168028004667
6	0.5937864644107351
8	0.1661318553092182
|	P40429
3	1.0
|	P40616
1	0.42778258986574275
3	0.5722174101342572
|	P40925
9	1.0
|	P40926
8	1.0
|	P40938
11	0.11837570012925464
12	0.7720809995691513
16	0.10954330030159413
|	P41091
16	0.41022900763358777
17	0.5897709923664122
|	Q2VIR3
16	0.41022900763358777
17	0.5897709923664122
|	P41227
6	1.0
|	Q9BSU3
6	1.0
|	P41247
4	1.0
|	P42330
9	0.7769082590898146
13	0.2230917409101854
|	Q04828
9	0.7769082590898146
13	0.2230917409101854
|	P52895
9	0.7769082590898146
13	0.2230917409101854
|	P17516
9	0.7769082590898146
13	0.2230917409101854
|	P42765
12	0.4121037463976945
13	0.5878962536023055
|	P43034
15	1.0
|	P43307
8	0.5510015814443858
9	0.4489984185556141
|	P43487
4	0.3834
7	0.3409
8	0.2757
|	P43686
15	0.7929015296367112
17	0.20709847036328874
|	P45877
2	0.24678696611709722
3	0.5504348954952617
7	0.2027781383876412
|	P46109
10	0.619737112343397
12	0.380262887656603
|	P46776
1	0.6832274459974587
3	0.18881829733163913
6	0.12795425667090213
|	P46777
8	1.0
|	P46778
1	0.7219041560644615
3	0.27809584393553854
|	P46779
1	1.0
|	P46781
2	0.7126391617550754
4	0.2873608382449247
|	P46782
2	0.6688655907645188
4	0.21180351042525622
6	0.119330898810225
|	P46783
2	0.5966386554621849
3	0.40336134453781514
|	Q9NQ39
2	0.5966386554621849
3	0.40336134453781514
|	P46926
7	1.0
|	Q8TDQ7
6	0.18824904998538436
7	0.8117509500146156
|	P47755
8	0.21984580950012433
9	0.7801541904998757
|	P47756
6	0.40669788562508874
7	0.16872427983539096
9	0.42457783453952036
|	P47813
1	1.0
|	O14602
1	1.0
|	P47914
1	0.5235390496996177
3	0.4764609503003823
|	P48047
2	0.40176828568147893
3	0.5982317143185211
|	P48444
21	1.0
|	P48643
21	1.0
|	P48739
7	1.0
|	P49189
17	1.0
|	P49354
15	1.0
|	P49366
12	1.0
|	P49368
21	1.0
|	P49411
15	0.7183071981862837
17	0.28169280181371625
|	P49591
21	1.0
|	P49642
15	1.0
|	P49720
3	1.0
|	P49721
2	0.1565098671962269
3	0.843490132803773
|	P49770
11	0.29274232830004876
12	0.7072576716999514
|	P50213
10	0.5544631306597672
12	0.44553686934023284
|	P50402
8	1.0
|	P50454
15	1.0
|	P50502
15	0.41700767263427113
16	0.5829923273657289
|	Q8NFI4
15	0.41700767263427113
16	0.5829923273657289
|	P50579
21	0.19920000000000002
22	0.8008000000000001
|	P50914
4	1.0
|	P50990
21	1.0
|	P51148
3	0.6640849469081824
5	0.33591505309181763
|	P51149
2	0.4155109734751582
3	0.5844890265248418
|	P51151
2	0.4283408976298538
4	0.5716591023701462
|	Q9NP90
2	0.4283408976298538
4	0.5716591023701462
|	P51153
2	1.0
|	P51452
1	1.0
|	P51553
12	1.0
|	P51571
1	0.557937846302096
2	0.44206215369790414
|	P51572
4	1.0
|	P48448
16	1.0
|	P30838
16	1.0
|	P43353
16	1.0
|	P51665
10	1.0
|	P51991
10	0.26201750609843594
11	0.5755488592337494
13	0.1624336346678146
|	P52292
21	1.0
|	P52565
4	1.0
|	P52597
15	0.6552401356900553
17	0.34475986430994465
|	P52788
12	1.0
|	P52815
1	1.0
|	P52907
8	0.25450985876101245
9	0.7454901412389876
|	P53004
9	0.1777131999552923
10	0.6127193472672404
12	0.20956745277746733
|	P53367
12	0.8091
16	0.1909
|	P53701
6	0.24478990649994367
7	0.7552100935000563
|	P54577
21	1.0
|	P54578
21	1.0
|	P54619
9	0.16064107342527023
10	0.7079140265871536
12	0.1314448999875761
|	P54709
9	0.6923865300146412
11	0.3076134699853587
|	P54819
5	1.0
|	P54920
7	1.0
|	Q9H115
7	1.0
|	P55010
17	0.6987267985887406
21	0.3012732014112594
|	P55039
11	0.17529039070749736
12	0.8247096092925026
|	P55209
16	0.43552888640803794
17	0.564471113591962
|	P55263
13	0.8151484818151485
15	0.18485151818485152
|	P55327
4	1.0
|	P55735
9	1.0
|	P56537
4	1.0
|	P56545
16	1.0
|	P57088
4	0.5454803060357042
6	0.4545196939642958
|	P59780
2	1.0
|	P59998
2	0.17650050864699898
3	0.823499491353001
|	P60510
8	1.0
|	P60709
13	0.2296976412854203
15	0.5828716162735477
17	0.18743074244103214
|	Q9BYX7
13	0.2296976412854203
15	0.5828716162735477
17	0.18743074244103214
|	P60842
15	0.558202490525176
16	0.441797509474824
|	Q14240
15	0.558202490525176
16	0.441797509474824
|	P60866
1	0.20109921082299886
2	0.5232525366403608
4	0.2756482525366403
|	P60900
4	1.0
|	P60953
1	0.45401996847083553
3	0.5459800315291645
|	P17081
2	0.2923548442022816
3	0.7076451557977185
|	Q9H4E5
2	0.2923548442022816
3	0.7076451557977185
|	P60981
2	0.777657560183933
4	0.22234243981606708
|	P61006
2	0.13329590117911286
3	0.49028635597978665
4	0.37641774284110047
|	Q92930
2	0.13329590117911286
3	0.49028635597978665
4	0.37641774284110047
|	P61009
1	0.27081824764663287
2	0.7291817523533672
|	P61019
2	0.6317630888416844
4	0.3682369111583157
|	P61026
2	0.7080426484138476
4	0.29195735158615244
|	P61081
1	0.31789044289044294
3	0.6821095571095571
|	P61086
3	1.0
|	P61088
1	1.0
|	Q5JXB2
1	1.0
|	P61106
3	1.0
|	P61158
15	1.0
|	Q9P1U1
15	1.0
|	P61163
13	0.4453191853499914
15	0.5546808146500086
|	P61201
16	1.0
|	P61224
1	0.276873798846893
3	0.723126201153107
|	P62834
1	0.276873798846893
3	0.723126201153107
|	A6NIZ1
1	0.276873798846893
3	0.723126201153107
|	P61247
7	0.6726000304275065
9	0.32739996957249357
|	P61254
1	0.5504539106145251
2	0.44954608938547486
|	P61289
6	0.838976785450244
10	0.16102321454975602
|	P61313
3	1.0
|	P61353
1	0.6248045857217301
3	0.196195935383012
7	0.17899947889525794
|	P61586
1	0.2123229220003414
2	0.5896910735620413
4	0.19798600443761735
|	P61758
3	1.0
|	P61916
1	1.0
|	P61923
1	0.46321664129883305
3	0.536783358701167
|	P61964
9	1.0
|	P61981
5	0.47434769862210496
6	0.5256523013778951
|	P62081
2	1.0
|	P62191
18	0.6629605406583824
21	0.33703945934161766
|	P62195
13	0.22482758620689655
15	0.20750957854406132
16	0.25992337164750956
18	0.30773946360153254
|	P62241
4	0.679813029506281
6	0.32018697049371897
|	P62244
1	1.0
|	P62249
1	0.7206425931191356
3	0.27935740688086436
|	P62256
1	1.0
|	P62258
5	0.25128139415684264
6	0.7487186058431574
|	P62263
1	0.7360441075120606
3	0.2639558924879393
|	P62266
1	0.45265335929892897
2	0.5473466407010711
|	P62269
1	1.0
|	P62277
1	1.0
|	P62280
2	1.0
|	P62330
2	0.2942622950819672
3	0.7057377049180328
|	P62424
6	1.0
|	P62495
16	1.0
|	P62701
5	0.14571589627959414
6	0.4873167981961668
7	0.36696730552423906
|	Q8TD47
5	0.14571589627959414
6	0.4873167981961668
7	0.36696730552423906
|	P22090
5	0.14571589627959414
6	0.4873167981961668
7	0.36696730552423906
|	P62750
1	1.0
|	P62753
7	1.0
|	P62820
3	1.0
|	P62826
3	0.8289081549715525
6	0.1710918450284476
|	P62829
1	1.0
|	P62851
1	1.0
|	P62906
4	1.0
|	P62910
1	1.0
|	P62913
1	0.22954068547446954
3	0.3478666355793891
4	0.4225926789461412
|	P62917
6	0.7971991701244814
8	0.20280082987551867
|	P62937
1	0.4061116664286734
2	0.5938883335713266
|	Q9Y536
1	0.4061116664286734
2	0.5938883335713266
|	P0DN26
1	0.4061116664286734
2	0.5938883335713266
|	F5H284
1	0.4061116664286734
2	0.5938883335713266
|	A0A0B4J2A2
1	0.4061116664286734
2	0.5938883335713266
|	A0A075B759
1	0.4061116664286734
2	0.5938883335713266
|	P0DN37
1	0.4061116664286734
2	0.5938883335713266
|	P62993
4	1.0
|	P62995
9	0.25924295774647893
10	0.5917693661971831
12	0.14898767605633806
|	P63000
1	0.5808572179858007
3	0.41914278201419924
|	P60763
1	0.5808572179858007
3	0.41914278201419924
|	P15153
1	0.5808572179858007
3	0.41914278201419924
|	P63104
5	0.5794428189797736
6	0.42055718102022643
|	P63151
16	0.6813186813186813
18	0.3186813186813187
|	Q9Y2T4
16	0.6813186813186813
18	0.3186813186813187
|	P63241
2	0.3663516889323341
3	0.633648311067666
|	Q9GZV4
2	0.3663516889323341
3	0.633648311067666
|	Q6IS14
2	0.3663516889323341
3	0.633648311067666
|	P63261
13	0.7854854213393143
15	0.21451457866068566
|	P63279
1	0.15845296764516822
2	0.48939361474180415
3	0.3521534176130277
|	P67775
8	0.30892162312395777
9	0.6910783768760422
|	P62714
8	0.30892162312395777
9	0.6910783768760422
|	P67870
4	1.0
|	P67936
6	0.442092886537331
7	0.557907113462669
|	P68032
13	0.670909821787485
15	0.32909017821251507
|	P68133
13	0.670909821787485
15	0.32909017821251507
|	P63267
13	0.670909821787485
15	0.32909017821251507
|	P62736
13	0.670909821787485
15	0.32909017821251507
|	P68036
1	0.1233
2	0.5
3	0.3767
|	P68104
16	0.352297165200391
17	0.6477028347996091
|	Q5VTE0
16	0.352297165200391
17	0.6477028347996091
|	P68363
16	0.21937842778793415
17	0.24588665447897623
18	0.20505789152955514
21	0.32967702620353445
|	P68371
17	0.7049019607843138
21	0.2950980392156863
|	P68402
5	0.2700906344410876
6	0.4618328298086607
10	0.26807653575025175
|	Q71DI3
1	0.8140934283452098
3	0.1859065716547902
|	Q16695
1	0.8140934283452098
3	0.1859065716547902
|	P84243
1	0.8140934283452098
3	0.1859065716547902
|	P68431
1	0.8140934283452098
3	0.1859065716547902
|	Q6NXT2
1	0.8140934283452098
3	0.1859065716547902
|	P78330
4	1.0
|	P78346
5	0.6879614767255217
7	0.3120385232744783
|	P78406
11	0.2869187531936638
12	0.7130812468063362
|	P78417
5	1.0
|	P82650
11	1.0
|	P82663
1	0.8488298545224542
3	0.15117014547754584
|	P82673
10	0.17796344647519582
11	0.8220365535248042
|	P82930
4	1.0
|	P82979
6	1.0
|	P83731
1	0.5866685657313773
3	0.41333143426862273
|	P83916
3	1.0
|	P84077
2	0.19157503484590369
3	0.8084249651540963
|	P84085
1	0.3931550802139037
3	0.6068449197860962
|	P84098
4	1.0
|	P84103
1	0.7543967911138537
4	0.24560320888614628
|	Q00577
12	0.5308056872037915
13	0.46919431279620855
|	Q00688
5	1.0
|	Q00765
1	1.0
|	Q00796
11	0.6110682904270078
12	0.38893170957299217
|	Q01085
12	0.6097697922515442
13	0.39023020774845585
|	Q01105
11	0.6034658511722731
13	0.3965341488277268
|	P0DME0
11	0.6034658511722731
13	0.3965341488277268
|	Q01130
7	1.0
|	Q9BRL6
7	1.0
|	Q01518
18	1.0
|	Q01581
21	1.0
|	Q02127
12	0.258
13	0.742
|	Q02543
1	0.30730809674027343
3	0.6926919032597265
|	Q02790
18	1.0
|	Q02878
9	1.0
|	Q04917
5	0.7483383685800604
7	0.2516616314199396
|	Q05048
15	1.0
|	Q05639
16	1.0
|	Q06323
5	0.2086284610431423
6	0.7913715389568577
|	Q06830
2	0.13194608654528256
3	0.8680539134547174
|	Q07020
2	1.0
|	Q07021
6	0.2468074949277957
7	0.7531925050722044
|	Q07812
1	1.0
|	Q07955
6	1.0
|	Q07960
17	1.0
|	Q08257
9	1.0
|	Q08752
11	0.5035721575831803
13	0.21126760563380284
17	0.28516023678301694
|	Q09028
17	1.0
|	Q12792
11	1.0
|	Q12846
9	1.0
|	Q12849
17	1.0
|	Q12904
9	1.0
|	Q12905
13	1.0
|	Q12972
12	1.0
|	Q12974
1	0.7425116485467051
3	0.2574883514532949
|	Q93096
1	0.7425116485467051
3	0.2574883514532949
|	Q13084
6	1.0
|	Q13126
6	1.0
|	Q13148
13	0.47815740268570456
15	0.5218425973142955
|	Q13151
7	0.38402359276830356
8	0.3614565969996153
9	0.25451981023208103
|	Q13155
9	0.2274179983179142
10	0.4751892346509672
11	0.29739276703111867
|	Q13177
21	1.0
|	Q13153
21	1.0
|	Q13185
1	0.46587428011273124
2	0.5341257198872688
|	Q13242
4	0.555688622754491
6	0.44431137724550895
|	Q13247
10	0.17122492955411903
13	0.828775070445881
|	Q13257
3	0.56507096463796
4	0.4349290353620399
|	Q13283
21	0.5487946558234098
22	0.45120534417659014
|	Q13347
9	0.52063025771131
10	0.47936974228869006
|	Q13418
17	1.0
|	Q13442
3	1.0
|	Q13445
6	1.0
|	Q13547
21	0.621651942224092
22	0.378348057775908
|	Q13561
16	1.0
|	Q13564
21	1.0
|	Q13595
9	0.2823311142638874
10	0.5600785768852996
12	0.15759030885081307
|	Q13630
12	1.0
|	Q13636
1	0.2077658303464755
2	0.3062126642771804
3	0.4860215053763441
|	Q9UL26
1	0.2077658303464755
2	0.3062126642771804
3	0.4860215053763441
|	Q13637
3	0.2816506841935137
4	0.7183493158064863
|	Q13838
16	0.3397215151968857
17	0.6602784848031142
|	Q13868
7	0.6093914262352529
9	0.39060857376474706
|	Q13885
17	0.4033315421816228
18	0.2543793659322945
21	0.18839333691563678
22	0.153895754970446
|	Q13895
17	1.0
|	Q13907
4	1.0
|	Q9BXS1
4	1.0
|	Q13951
1	1.0
|	Q14103
11	0.14966592427616926
12	0.8503340757238307
|	Q14165
7	0.46425233644859815
9	0.5357476635514019
|	Q14320
11	1.0
|	Q9Y247
10	0.2710131456645864
11	0.7289868543354137
|	Q14376
12	0.5543854370392658
13	0.44561456296073415
|	Q14498
22	1.0
|	Q14558
11	1.0
|	Q14847
9	1.0
|	Q14914
9	1.0
|	Q14964
3	0.49553151458137346
4	0.5044684854186265
|	Q15008
13	0.7846310877806941
15	0.21536891221930593
|	Q15019
12	0.4331544126825615
13	0.5668455873174386
|	Q15024
9	1.0
|	Q15056
4	0.44176843057440074
6	0.5582315694255993
|	Q15084
15	0.13804673457159974
16	0.8619532654284002
|	Q15102
3	0.1727169135601498
4	0.3019697216343806
6	0.5253133648054696
|	Q15125
4	1.0
|	Q15126
2	1.0
|	Q15165
11	0.13849708171206226
12	0.3788910505836576
13	0.48261186770428016
|	Q15181
7	1.0
|	Q15185
1	0.46176433039703824
2	0.5382356696029619
|	Q15233
18	0.29194903767958796
21	0.708050962320412
|	Q15286
3	0.36241681630928496
4	0.4663568184218866
6	0.17122636526882856
|	Q15293
12	1.0
|	Q15363
2	1.0
|	Q15365
10	0.483669618231964
12	0.2861082885759907
13	0.23022209319204529
|	Q15366
10	0.4204936854190585
12	0.5795063145809415
|	Q15404
6	1.0
|	Q15427
15	1.0
|	Q15631
4	1.0
|	Q15645
16	0.2891083440675541
17	0.710891655932446
|	Q15691
7	1.0
|	Q15738
11	1.0
|	Q15907
3	1.0
|	P62491
3	1.0
|	P57735
3	1.0
|	Q16186
12	1.0
|	Q16222
21	1.0
|	Q3KQV9
21	1.0
|	Q16539
11	1.0
|	Q16543
15	0.6795924574209246
17	0.32040754257907544
|	Q14195
21	1.0
|	Q16576
16	0.5512395389231013
17	0.44876046107689876
|	Q16629
6	0.5068836045056321
7	0.4931163954943679
|	Q16762
7	1.0
|	Q17RY6
3	1.0
|	Q3MHD2
3	1.0
|	Q3SXM5
10	0.6069909164079568
12	0.39300908359204323
|	Q3ZCQ8
10	0.7789532920652786
12	0.22104670793472145
|	Q53FT3
2	1.0
|	Q562R1
15	1.0
|	Q5JUR7
4	1.0
|	Q5RKV6
6	1.0
|	Q5T6V5
10	1.0
|	Q5VWZ2
4	1.0
|	Q69YN2
21	1.0
|	Q6DD88
21	1.0
|	Q6DKI1
5	0.6708981275785465
7	0.3291018724214535
|	Q6FI81
10	0.6787
12	0.3213
|	Q6IBS0
11	0.4881244881244881
12	0.5118755118755118
|	Q6NZI2
12	0.2368592882794646
17	0.7631407117205354
|	Q6P1J9
21	1.0
|	Q6P587
4	1.0
|	Q6YN16
15	0.4926289926289927
16	0.5073710073710074
|	Q7L1Q6
15	0.40700978844332175
16	0.5929902115566783
|	Q7L5N1
9	0.8205953338696702
12	0.17940466613032988
|	Q9H8S9
3	1.0
|	Q7L9L4
3	1.0
|	Q7Z2W9
3	1.0
|	Q7Z4H8
21	1.0
|	Q7Z4W1
4	0.6888681881695389
6	0.31113181183046107
|	Q7Z7H5
3	0.3594318581993192
4	0.6405681418006809
|	Q86V81
6	0.4965065032785123
7	0.5034934967214877
|	Q86W42
9	0.6004186533317828
11	0.39958134666821726
|	Q8IUR0
3	0.4801997049812777
4	0.5198002950187224
|	Q8N183
1	1.0
|	Q8N4Q0
11	1.0
|	Q8NBJ7
7	0.38656336725254403
8	0.6134366327474561
|	Q8NBN7
8	0.3901
13	0.6099
|	Q8NBS9
15	1.0
|	Q8NBT2
4	1.0
|	Q8NC51
17	0.2922959281208183
18	0.7077040718791818
|	Q8NEJ9
9	1.0
|	Q8NF37
21	0.6188570157883033
22	0.3811429842116967
|	Q8NFH3
13	1.0
|	Q8NFH4
9	1.0
|	Q8NFH5
9	1.0
|	Q8TC12
8	0.22867835335828246
9	0.2960409690762261
11	0.21823911758912745
12	0.257041559976364
|	Q96NR8
8	0.22867835335828246
9	0.2960409690762261
11	0.21823911758912745
12	0.257041559976364
|	Q8TDN6
12	0.5240941352259992
13	0.47590586477400076
|	Q8TEA8
4	0.18240062761506276
7	0.8175993723849372
|	Q8TED1
2	0.8800047950131862
6	0.1199952049868137
|	Q8WUK0
2	0.33986851373561866
3	0.6601314862643813
|	Q8WUY1
3	0.5198765656198947
4	0.4801234343801053
|	Q8WVM0
10	0.1196216403276041
12	0.3928942207867113
13	0.4874841388856846
|	Q8WVY7
12	1.0
|	Q8WW12
2	1.0
|	Q8WWY3
21	1.0
|	Q92520
3	1.0
|	Q92522
6	0.8245
8	0.17550000000000002
|	Q92572
2	1.0
|	Q92600
7	0.19924503528639426
8	0.3062530773018218
10	0.4945018874117841
|	Q92688
5	1.0
|	Q92747
12	1.0
|	Q92769
21	1.0
|	Q92820
8	0.36226368769948436
9	0.3701203044438988
10	0.26761600785661677
|	Q92882
4	1.0
|	Q92890
9	0.2739432851792402
10	0.7260567148207597
|	Q92905
9	1.0
|	Q92979
4	0.33988796158682977
5	0.6601120384131702
|	Q969G3
17	1.0
|	Q969U7
5	0.8095952023988007
8	0.19040479760119938
|	Q969X5
7	0.5019905213270142
9	0.4980094786729858
|	Q96A33
21	1.0
|	Q96A72
2	1.0
|	P61326
2	1.0
|	Q96AB3
2	1.0
|	Q96AG4
8	1.0
|	Q96C19
7	1.0
|	Q9BUP0
7	1.0
|	Q96C23
10	1.0
|	Q96C36
7	0.21572356950388336
8	0.7842764304961166
|	Q96C86
10	0.6068943018703785
12	0.3931056981296215
|	Q96CS3
17	0.24639325660560868
18	0.2805965310423083
21	0.473010212352083
|	Q96CW1
16	1.0
|	Q96DI7
10	1.0
|	Q96EK6
1	0.7023715859278409
3	0.2976284140721592
|	Q96FW1
7	0.12544637714549012
8	0.8745536228545098
|	Q96FX7
6	1.0
|	Q96HE7
21	1.0
|	Q86YB8
21	1.0
|	Q96HS1
7	0.766732283464567
10	0.2332677165354331
|	Q96HY6
9	1.0
|	Q96I24
21	1.0
|	Q96I25
16	1.0
|	Q96IJ6
16	0.3707
17	0.6293
|	Q96IR7
11	0.45384391380314504
12	0.546156086196855
|	Q96IU4
3	1.0
|	Q96J01
11	1.0
|	Q96KP4
17	1.0
|	Q96L92
21	1.0
|	Q96PU8
12	1.0
|	Q96S44
6	1.0
|	Q99426
7	1.0
|	Q99436
5	1.0
|	Q99439
8	0.7698336146612009
10	0.23016638533879913
|	Q99497
2	1.0
|	Q99536
15	0.29670329670329676
16	0.7032967032967032
|	Q99598
7	1.0
|	Q99615
21	1.0
|	Q99623
7	0.40590676104466683
8	0.5940932389553332
|	Q99653
3	1.0
|	Q99714
4	0.7635327635327636
6	0.23646723646723647
|	Q99720
4	1.0
|	Q99729
10	0.4951335163463938
12	0.5048664836536062
|	Q99829
21	1.0
|	Q99848
12	1.0
|	Q99873
12	1.0
|	Q9BQA1
12	0.48948468823023
13	0.3545689337104907
16	0.1559463780592793
|	Q9BQE3
16	0.27998737373737376
17	0.27714646464646464
18	0.181344696969697
21	0.26152146464646464
|	Q9BRJ6
3	1.0
|	Q9BRJ7
3	1.0
|	Q9BRP4
12	1.0
|	Q9BRQ8
12	1.0
|	Q9BRX5
4	1.0
|	Q9BRX8
3	1.0
|	Q9BSD7
2	0.7075297874953937
4	0.2924702125046063
|	Q9BSV6
9	1.0
|	Q9BTE7
4	0.8126000000000001
9	0.1874
|	Q9BTT0
6	0.4812841530054645
7	0.5187158469945355
|	Q9BTZ2
5	0.6216766723842195
8	0.24753430531732418
10	0.13078902229845626
|	Q9BUF5
16	0.20579874928936895
17	0.33674436232707977
21	0.25829069547091155
22	0.19916619291263976
|	Q9BUI4
21	1.0
|	Q9BUL8
4	1.0
|	Q9BUP3
5	0.3028778988544286
6	0.6971221011455714
|	Q9BV20
11	0.20076520338300446
12	0.7992347966169956
|	Q9BV86
4	1.0
|	Q9BWD1
11	0.4880262951948662
12	0.5119737048051338
|	Q9BWF3
11	0.2744410346339325
12	0.7255589653660676
|	Q9BWM7
11	1.0
|	Q9BXS5
15	1.0
|	Q9Y6Q5
15	1.0
|	Q9BY32
1	0.6256996546385614
3	0.37430034536143864
|	Q9BYD1
1	1.0
|	Q9BYD3
8	0.2853032845840326
9	0.7146967154159674
|	Q9BYG3
9	0.46380419000207423
10	0.5361958099979258
|	Q9BYN8
3	1.0
|	Q9BZX2
6	1.0
|	Q9BZZ5
21	1.0
|	Q9GZS3
7	1.0
|	Q9GZT8
11	0.361009361009361
12	0.638990638990639
|	Q9H061
1	0.5510406342913776
3	0.4489593657086224
|	Q9H0C8
15	0.281
17	0.719
|	Q9H0S4
16	1.0
|	Q9H0U4
3	1.0
|	Q92928
3	1.0
|	Q9H0U6
1	1.0
|	Q9H173
17	1.0
|	Q9H2D1
10	0.6263584061367995
12	0.37364159386320056
|	Q9H2P9
9	0.29290000000000005
10	0.7071000000000001
|	Q9H3N1
6	0.40976810467677166
7	0.2593600207280736
9	0.18188884570540226
10	0.1489830288897526
|	Q9H488
13	1.0
|	Q9H4A6
8	0.4817880794701987
9	0.35666982024597915
11	0.16154210028382215
|	Q9H4I3
12	0.4422831179894931
16	0.5577168820105068
|	Q9H7B2
8	0.8452917146747669
11	0.15470828532523304
|	Q9H832
12	1.0
|	Q9HAV7
3	1.0
|	Q9HB71
5	1.0
|	Q9HBM1
4	1.0
|	Q9HCC0
21	1.0
|	Q9HCN8
2	1.0
|	Q9HDC9
15	0.2884559464960744
16	0.7115440535039256
|	Q9NP72
2	0.6229687121028379
4	0.3770312878971622
|	Q9NP79
10	1.0
|	Q9NPD3
5	1.0
|	Q9NPD8
2	0.21516328887955477
3	0.7848367111204453
|	Q9NPJ3
1	1.0
|	Q9NQ88
6	1.0
|	Q9NQG5
9	1.0
|	Q9NQR4
6	0.5485863625564267
8	0.45141363744357327
|	Q9NR12
16	0.20354235109270102
17	0.796457648907299
|	Q9NR31
2	0.1552242545727888
3	0.8447757454272112
|	Q9NR45
11	0.614288969917958
12	0.38571103008204194
|	Q9NR56
12	1.0
|	Q5VZF2
12	1.0
|	Q9NRN7
9	0.5577852998065764
11	0.4422147001934236
|	Q9NRV9
2	0.19146849718068154
3	0.8085315028193184
|	Q9NRX1
7	1.0
|	Q9NRX2
1	1.0
|	Q9NS69
1	1.0
|	Q9NT62
11	0.38119999999999993
12	0.6188
|	Q9NTK5
15	1.0
|	Q9NV31
1	1.0
|	Q9NVA2
16	0.19991511035653653
17	0.8000848896434635
|	Q14141
16	0.19991511035653653
17	0.8000848896434635
|	Q9NVD7
15	1.0
|	Q9HBI1
15	1.0
|	Q9NVJ2
1	0.5678347934918648
3	0.4321652065081351
|	Q9NWS0
10	1.0
|	Q9NWU5
3	1.0
|	Q9NX63
4	0.5432
6	0.4568
|	Q9NXW2
11	0.3876589731512011
12	0.6123410268487989
|	Q9NYL9
12	1.0
|	Q9NZR1
12	1.0
|	P28289
12	1.0
|	Q9NZ01
9	0.684010152284264
11	0.19987309644670048
13	0.1161167512690355
|	Q9NZ63
9	1.0
|	Q9NZL4
10	0.20934602856426962
11	0.6542219994988724
13	0.13643197193685794
|	Q9NZL9
10	1.0
|	Q9P000
2	0.5249330311147743
3	0.4750669688852257
|	Q9P015
7	1.0
|	Q9P016
4	0.3006941001487357
8	0.6993058998512642
|	Q9P032
2	1.0
|	Q9P0I2
6	1.0
|	Q9P0L0
6	1.0
|	Q9P258
21	1.0
|	Q9P289
17	0.4846
18	0.5154
|	O00506
17	0.4846
18	0.5154
|	Q9UBB4
21	1.0
|	Q9UBE0
10	0.16668587896253603
11	0.833314121037464
|	Q9UBM7
21	1.0
|	Q9UBP6
7	1.0
|	Q9UBQ0
1	0.1472809667673716
2	0.8527190332326284
|	Q9UBQ5
3	1.0
|	Q9UBQ7
8	0.2407513457794067
9	0.7592486542205933
|	Q9UBR2
8	1.0
|	Q9UBS4
11	0.37703574720884975
12	0.6229642527911502
|	Q9UBU8
11	1.0
|	Q9UBW8
6	0.6748341536486197
8	0.3251658463513803
|	Q9UBX3
6	0.29618677042801556
7	0.288715953307393
9	0.24793774319066147
12	0.16715953307392994
|	Q9UHD1
9	1.0
|	Q9UHX1
21	1.0
|	Q9UHY7
6	1.0
|	Q9UI10
21	1.0
|	Q9UIJ7
4	0.7971184256764672
9	0.20288157432353288
|	Q9UJ70
9	1.0
|	Q9UJZ1
12	1.0
|	Q9UKD2
6	0.4949774497744977
7	0.5050225502255022
|	Q9UKK9
6	0.5483791140806731
7	0.45162088591932686
|	Q9UKM9
9	0.15215072875933167
10	0.8478492712406683
|	Q9UKS6
17	1.0
|	Q9UL25
3	0.35159297789336796
5	0.358257477243173
6	0.290149544863459
|	Q9UL46
6	0.8593018590343721
8	0.14069814096562794
|	Q9ULC4
1	0.21092743666809796
2	0.4112279948475741
3	0.37784456848432807
|	Q9ULV4
17	1.0
|	Q6QEF8
17	1.0
|	Q9UN86
21	1.0
|	Q9UNE7
8	1.0
|	Q9UNF0
21	1.0
|	Q9UNH7
16	0.3063
17	0.6937
|	Q9UNI6
9	1.0
|	Q9UNL2
1	0.7144506001846722
4	0.2855493998153278
|	Q9UNM6
12	1.0
|	Q9UNP9
7	1.0
|	Q9UNQ2
8	1.0
|	Q9UQ80
13	0.40832788314802704
15	0.3350773926313495
16	0.2565947242206235
|	Q9Y221
1	0.6766340034346904
3	0.3233659965653097
|	Q9Y230
16	0.8119475769582445
18	0.18805242304175554
|	Q9Y265
16	0.46585058917743966
17	0.5341494108225603
|	Q9Y266
13	1.0
|	Q9Y295
12	1.0
|	Q9Y2P8
11	1.0
|	Q9Y2Q3
3	1.0
|	Q9Y2S7
12	1.0
|	Q9Y2T3
16	0.5320281315339289
17	0.46797186846607114
|	Q9Y2Z0
12	1.0
|	Q9Y305
16	0.2998225901833235
17	0.7001774098166765
|	Q9Y314
7	1.0
|	Q9Y376
10	1.0
|	Q9H9S4
10	1.0
|	Q9Y3A5
6	1.0
|	Q9Y3B2
1	0.765
4	0.23499999999999996
|	Q9Y3B3
3	0.57166968053044
4	0.42833031946955996
|	Q9Y3B7
1	1.0
|	Q9Y3B8
4	1.0
|	Q9Y3C1
2	1.0
|	Q9Y3C8
1	1.0
|	Q9Y3D9
2	1.0
|	Q9Y3E5
2	1.0
|	Q9Y3F4
10	0.1770221277659708
11	0.6442055256907114
13	0.17877234654331792
|	Q9Y3Y2
6	1.0
|	Q9Y584
1	0.5494
2	0.4506
|	Q9Y5B8
12	1.0
|	Q9Y5K5
9	0.38629847593179417
12	0.6137015240682059
|	Q9Y5K8
7	1.0
|	Q9Y5M8
5	0.250663834306957
6	0.4374668082846522
7	0.3118693574083909
|	Q9Y5S9
2	1.0
|	Q9Y5Z4
4	1.0
|	Q9Y617
11	0.5590723910999686
12	0.4409276089000313
|	Q9Y673
9	0.403
10	0.597
|	Q9Y676
6	1.0
|	Q9Y696
5	1.0
|	Q9Y6A4
2	1.0
|	Q9Y6B6
4	1.0
|	Q9Y6C9
9	0.4703941338221815
11	0.29514207149404215
12	0.2344637946837764
|	Q9Y6E2
15	0.32372188139059305
16	0.4004089979550102
17	0.2758691206543968
|	Q9Y6G5
3	1.0
|	Q9Y6I9
8	0.5530119210887224
10	0.4469880789112776
|	Q9Y6M0
10	1.0
|	Q9Y6M9
1	1.0
|	Q9Y6N5
15	1.0
