|	P05787
17	1.0
|	P08729
17	1.0
|	Q04695
16	1.0
|	P69892
3	1.0
|	P69891
3	1.0
|	P02100
3	1.0
|	A6NDG6
10	1.0
|	O00148
16	0.5826620175544066
17	0.4173379824455934
|	O00151
11	1.0
|	O00154
13	1.0
|	O00165
10	1.0
|	O00170
11	1.0
|	O00217
5	1.0
|	O00231
15	1.0
|	O00232
17	1.0
|	O00233
7	1.0
|	O00264
6	1.0
|	O00273
13	1.0
|	O00299
8	1.0
|	O00303
15	1.0
|	O00442
13	1.0
|	O00487
10	0.28370126820103336
11	0.7162987317989666
|	O00505
19	1.0
|	O00560
9	1.0
|	O00629
19	1.0
|	O00743
10	1.0
|	O00764
10	0.15927370216914455
11	0.8407262978308554
|	O14530
8	1.0
|	P47813
4	1.0
|	O14602
4	1.0
|	O14656
11	1.0
|	O14657
11	1.0
|	O14745
15	0.4887
16	0.5113
|	O14818
7	1.0
|	Q8TAA3
7	1.0
|	O14828
11	1.0
|	O14880
3	1.0
|	O14908
12	1.0
|	P19105
4	1.0
|	O14950
4	1.0
|	P24844
4	1.0
|	O15145
4	1.0
|	O15160
13	1.0
|	O15173
7	1.0
|	O15269
17	1.0
|	O15347
7	1.0
|	O15372
12	1.0
|	O15400
10	1.0
|	O15460
20	1.0
|	O15498
6	1.0
|	O43148
19	1.0
|	O43169
4	0.3869
5	0.6131
|	O43172
19	1.0
|	O43324
4	1.0
|	O43396
10	1.0
|	O43399
7	1.0
|	O43402
6	1.0
|	Q8NHP1
11	1.0
|	O43598
4	0.18174826967444244
5	0.8182517303255575
|	O43617
4	1.0
|	O43660
19	1.0
|	O43670
18	0.4970998925886144
19	0.5029001074113856
|	O43681
12	1.0
|	O43684
12	1.0
|	O43765
10	0.2643359624813473
11	0.7356640375186527
|	O43809
6	1.0
|	O43818
19	1.0
|	O60256
12	1.0
|	O60547
13	1.0
|	O60573
8	1.0
|	O60664
15	1.0
|	O60701
18	1.0
|	O60762
8	1.0
|	O60814
2	1.0
|	P57053
2	1.0
|	O60832
20	1.0
|	O60884
15	0.5268563497571132
16	0.4731436502428869
|	O75131
20	1.0
|	Q96FN4
20	1.0
|	O75208
10	1.0
|	O75223
4	0.15428705111708974
5	0.8457129488829103
|	O75340
5	1.0
|	O75351
18	1.0
|	O75367
12	1.0
|	O75396
6	1.0
|	O75414
4	1.0
|	O75436
12	1.0
|	O75477
13	1.0
|	O75521
13	1.0
|	O75607
5	1.0
|	O75608
6	1.0
|	O75718
15	1.0
|	O75792
9	1.0
|	O75794
15	1.0
|	O75821
13	0.372562796416652
14	0.627437203583348
|	O75822
11	1.0
|	O75828
9	0.5546387390246483
10	0.4453612609753518
|	O75832
6	1.0
|	O75934
7	1.0
|	O75935
5	1.0
|	O75937
8	0.17470628887353148
9	0.8252937111264685
|	O75947
5	1.0
|	O75955
15	1.0
|	O76003
12	1.0
|	O76071
12	1.0
|	O94760
11	1.0
|	O94788
19	1.0
|	O94905
13	1.0
|	O95249
7	1.0
|	O95292
8	1.0
|	O95299
12	1.0
|	O95336
7	1.0
|	O95372
6	1.0
|	O95376
19	0.6195
20	0.3805
|	O95394
21	0.326104525862069
22	0.673895474137931
|	O95433
13	1.0
|	O95456
9	1.0
|	O95551
14	0.2728
15	0.7272
|	O95571
7	1.0
|	O95707
7	1.0
|	O95747
19	0.4631968363311647
20	0.5368031636688353
|	O95801
15	1.0
|	O95816
6	1.0
|	O95825
13	1.0
|	O95861
12	1.0
|	O95926
9	1.0
|	O95983
9	1.0
|	O96000
5	1.0
|	O96008
12	1.0
|	O96019
15	1.0
|	O94805
15	1.0
|	P00374
5	1.0
|	Q86XF0
5	1.0
|	P00387
10	1.0
|	P00491
9	1.0
|	P00492
6	0.451266941661756
7	0.5487330583382439
|	P00558
14	1.0
|	P07205
14	1.0
|	P00568
6	1.0
|	P00966
17	1.0
|	P01111
5	1.0
|	P01116
5	1.0
|	P01892
13	1.0
|	P30459
13	1.0
|	P10314
13	1.0
|	P30512
13	1.0
|	P16189
13	1.0
|	P04062
20	1.0
|	P04075
12	1.0
|	P04083
11	1.0
|	P04181
15	1.0
|	P04183
7	1.0
|	P04350
17	1.0
|	P04406
11	1.0
|	P04632
7	1.0
|	Q96L46
7	1.0
|	P04792
7	1.0
|	P04818
10	1.0
|	P04899
12	1.0
|	Q93077
2	1.0
|	Q7L7L0
2	1.0
|	P04908
2	1.0
|	P05026
14	0.2589000000000001
15	0.445
16	0.2961
|	P05198
11	1.0
|	P05388
10	0.3022560478390867
11	0.6977439521609133
|	Q8NHW5
10	0.3022560478390867
11	0.6977439521609133
|	P05455
15	0.5206586826347306
16	0.47934131736526947
|	P05783
15	1.0
|	P06132
12	1.0
|	P06730
7	1.0
|	A6NMX2
7	1.0
|	P06733
15	1.0
|	P13929
15	1.0
|	P06748
11	1.0
|	P06753
9	1.0
|	P07203
6	1.0
|	P07237
19	1.0
|	P07355
11	1.0
|	A6NMY6
11	1.0
|	P07437
17	1.0
|	A6NNZ2
17	1.0
|	Q9H4B7
17	1.0
|	P07737
2	1.0
|	P07741
5	1.0
|	Q14568
15	1.0
|	Q58FG0
15	1.0
|	Q58FG1
15	1.0
|	P07910
11	0.23960432313610544
12	0.7603956768638944
|	O60812
11	0.23960432313610544
12	0.7603956768638944
|	B2RXH8
11	0.23960432313610544
12	0.7603956768638944
|	P0DMR1
11	0.23960432313610544
12	0.7603956768638944
|	B7ZW38
11	0.23960432313610544
12	0.7603956768638944
|	P08397
14	1.0
|	P08559
13	0.37407101568951284
14	0.6259289843104873
|	P29803
13	0.37407101568951284
14	0.6259289843104873
|	P08579
7	1.0
|	P08670
17	0.6129259694477086
18	0.38707403055229145
|	P17661
17	0.6129259694477086
18	0.38707403055229145
|	P41219
17	0.6129259694477086
18	0.38707403055229145
|	P14136
16	0.21998166819431716
17	0.4780934922089826
18	0.3019248395967003
|	P08708
3	1.0
|	P08754
12	1.0
|	P08865
12	0.16934519856554658
13	0.8306548014344535
|	P09012
9	1.0
|	P09104
15	1.0
|	P09211
6	1.0
|	P09417
7	1.0
|	P09429
8	1.0
|	B2RPK0
8	1.0
|	P09622
18	1.0
|	P09661
8	1.0
|	P09972
12	1.0
|	Q71UI9
2	1.0
|	P0C0S5
2	1.0
|	Q99878
2	1.0
|	Q96KK5
2	1.0
|	Q9BTM1
2	1.0
|	P20671
2	1.0
|	P0C0S8
2	1.0
|	Q01081
10	1.0
|	P0DN76
10	1.0
|	Q8WU68
10	1.0
|	P10316
12	0.1534578495709238
13	0.8465421504290762
|	P01891
12	0.1534578495709238
13	0.8465421504290762
|	P30453
12	0.1534578495709238
13	0.8465421504290762
|	P30457
12	0.1534578495709238
13	0.8465421504290762
|	P30450
12	0.1534578495709238
13	0.8465421504290762
|	P18462
12	0.1534578495709238
13	0.8465421504290762
|	P30456
12	0.1534578495709238
13	0.8465421504290762
|	P16190
12	0.1534578495709238
13	0.8465421504290762
|	P10321
13	1.0
|	P10644
16	1.0
|	P10768
9	1.0
|	P10809
20	1.0
|	P11172
17	1.0
|	P11182
17	1.0
|	P11233
7	1.0
|	P11234
7	1.0
|	P11766
12	1.0
|	P11802
9	1.0
|	P11908
10	1.0
|	Q96DU9
13	0.2292655152780414
17	0.2110457392294553
19	0.5596887454925034
|	P12004
9	1.0
|	P12268
18	1.0
|	P12273
3	1.0
|	P12277
13	1.0
|	P12955
18	1.0
|	P13674
20	1.0
|	P13693
6	1.0
|	Q9HAU6
6	1.0
|	Q56UQ5
6	1.0
|	P13861
16	0.4275184275184275
17	0.5724815724815725
|	P13984
8	1.0
|	P13995
11	1.0
|	P14550
11	0.437785016286645
12	0.5622149837133551
|	P14618
19	1.0
|	P14635
17	0.40913043478260874
18	0.5908695652173913
|	P63162
7	1.0
|	P14678
7	1.0
|	P15121
10	0.16774193548387098
11	0.832258064516129
|	C9JRZ8
11	1.0
|	P15374
7	1.0
|	P15531
3	0.17734668335419276
4	0.6660826032540677
6	0.15657071339173967
|	P15880
9	1.0
|	P15927
8	1.0
|	P16083
6	1.0
|	P16104
2	0.3848
3	0.6152
|	Q96QV6
2	0.3848
3	0.6152
|	P16152
8	0.36537923313741955
9	0.6346207668625805
|	P16220
14	1.0
|	P16403
9	1.0
|	P16989
15	0.35841130418178346
18	0.32442237922474704
19	0.31716631659346955
|	Q9Y2T7
15	0.35841130418178346
18	0.32442237922474704
19	0.31716631659346955
|	P17152
5	1.0
|	P17612
13	1.0
|	P17931
8	1.0
|	P17980
16	1.0
|	P17987
20	0.5331513260530422
21	0.4668486739469579
|	P18031
16	1.0
|	P18085
4	1.0
|	P18124
8	1.0
|	P18621
5	1.0
|	P18754
15	1.0
|	P19387
10	1.0
|	P19388
6	0.25609756097560976
7	0.7439024390243902
|	P19623
10	1.0
|	P19784
12	1.0
|	P20338
6	1.0
|	P20339
7	1.0
|	P20340
6	1.0
|	Q9NRW1
6	1.0
|	Q14964
6	1.0
|	P21266
7	1.0
|	P21796
9	0.27107635206786845
10	0.7289236479321316
|	P21964
8	1.0
|	P22061
6	1.0
|	P22087
11	1.0
|	P22392
3	1.0
|	O60361
3	1.0
|	P22626
11	1.0
|	P23193
11	1.0
|	Q15560
11	1.0
|	P23381
18	1.0
|	P23396
8	1.0
|	Q16778
2	1.0
|	P33778
2	1.0
|	P23527
2	1.0
|	Q8N257
2	1.0
|	Q96A08
2	1.0
|	P23528
3	0.24228140466650955
4	0.7577185953334905
|	P23919
6	1.0
|	P24534
8	1.0
|	P25325
10	0.3422269654927072
11	0.6577730345072929
|	P25398
2	1.0
|	P25685
12	1.0
|	P25786
8	1.0
|	P25787
6	1.0
|	P25788
7	1.0
|	P25789
8	1.0
|	P26368
19	0.49633346198379
20	0.50366653801621
|	P26583
7	1.0
|	P27348
7	0.5186787259142744
8	0.48132127408572556
|	P27361
13	0.27580116073681554
14	0.7241988392631845
|	P27635
6	1.0
|	Q96L21
6	1.0
|	P27695
10	0.160333780360602
11	0.839666219639398
|	P27797
17	0.6796759941089838
19	0.3203240058910162
|	P28066
7	1.0
|	P28072
6	1.0
|	Q03013
6	1.0
|	P09488
6	1.0
|	P28482
13	1.0
|	P29218
8	1.0
|	P29692
9	0.11837237977805178
10	0.8816276202219482
|	P30041
7	1.0
|	P30043
6	1.0
|	P30050
3	0.1196938065414057
4	0.8803061934585943
|	P30085
6	1.0
|	P30086
5	1.0
|	P30101
19	1.0
|	P30419
21	1.0
|	O60551
21	1.0
|	P30519
10	0.34825534216932647
11	0.6517446578306735
|	P30533
13	1.0
|	P30626
5	1.0
|	P30740
13	1.0
|	P31150
18	0.17618160257496188
19	0.8238183974250382
|	P31153
14	0.228965298684836
15	0.771034701315164
|	Q00266
14	0.228965298684836
15	0.771034701315164
|	P31350
14	1.0
|	P31689
15	1.0
|	P31942
11	1.0
|	P31943
17	1.0
|	P31946
7	1.0
|	P31947
7	1.0
|	P32119
5	1.0
|	P32321
4	1.0
|	P32322
9	1.0
|	P32969
6	1.0
|	P34896
17	1.0
|	P35232
8	1.0
|	P35237
13	1.0
|	P35249
12	1.0
|	P35250
12	1.0
|	P35268
2	1.0
|	P35269
21	1.0
|	P35270
7	1.0
|	P35613
13	0.49558133112399894
15	0.5044186688760011
|	P35659
15	0.5739897552646557
16	0.4260102447353444
|	P35998
15	1.0
|	P36404
4	1.0
|	P36405
4	0.12300000000000001
5	0.877
|	P36507
14	1.0
|	P36542
9	1.0
|	P36543
9	1.0
|	P36578
16	1.0
|	P36871
21	1.0
|	P36873
11	1.0
|	P36957
16	0.5637741766858338
17	0.43622582331416626
|	P37108
2	0.2958551691281563
3	0.7041448308718438
|	P37802
5	1.0
|	Q9UI15
5	1.0
|	P37837
11	1.0
|	P38117
7	1.0
|	P38159
14	1.0
|	Q96E39
14	1.0
|	O75526
14	1.0
|	P38919
15	1.0
|	P39023
15	0.4355271994627267
16	0.5644728005372733
|	Q92901
15	0.4355271994627267
16	0.5644728005372733
|	P39687
8	1.0
|	O43423
8	1.0
|	P39748
13	0.17146684527796383
14	0.8285331547220361
|	P40227
20	0.4877657440834336
21	0.5122342559165664
|	P40429
6	1.0
|	P40616
5	1.0
|	P40925
11	1.0
|	P40926
10	1.0
|	P40937
11	1.0
|	P40938
12	1.0
|	P41091
17	1.0
|	Q2VIR3
17	1.0
|	P41227
9	1.0
|	Q9BSU3
9	1.0
|	P41240
16	1.0
|	P42025
14	1.0
|	P42765
13	1.0
|	P42771
3	1.0
|	P43034
15	1.0
|	P43307
11	0.5
15	0.5
|	P43487
7	1.0
|	P43490
18	1.0
|	P43686
15	1.0
|	P45877
5	0.8647
7	0.1353
|	P45880
9	1.0
|	P46108
12	1.0
|	P46109
11	0.16362271703777836
12	0.8363772829622216
|	P46734
12	1.0
|	P52564
12	1.0
|	P46736
10	0.690959905406858
12	0.30904009459314197
|	P46776
3	1.0
|	P46777
10	1.0
|	P46778
3	0.4167599328483492
5	0.5832400671516508
|	P46779
3	1.0
|	P46781
5	1.0
|	P46782
5	1.0
|	P46926
9	1.0
|	P47755
11	1.0
|	P47756
9	1.0
|	P47914
3	0.5500092438528379
5	0.44999075614716216
|	P48047
5	1.0
|	P48444
20	0.4878712310133757
21	0.5121287689866243
|	P48507
8	1.0
|	P48643
20	1.0
|	P48739
9	1.0
|	P49005
21	1.0
|	P49207
1	0.24261525151402796
2	0.7573847484859721
|	P49366
13	1.0
|	P49368
20	0.34801563439567046
21	0.6519843656043296
|	P49642
16	1.0
|	P49720
6	1.0
|	P49721
5	1.0
|	P49770
12	1.0
|	P49821
16	1.0
|	P49841
15	1.0
|	P49903
13	1.0
|	P50395
16	0.7528836754643207
19	0.2471163245356794
|	P50402
9	1.0
|	P50453
13	1.0
|	P50454
15	1.0
|	P50502
15	1.0
|	P50552
15	1.0
|	P50613
12	1.0
|	P50914
6	0.2755084600922919
7	0.7244915399077081
|	P50991
19	1.0
|	P50995
18	1.0
|	P51148
6	0.42360114777618363
7	0.5763988522238164
|	P51149
6	1.0
|	P51151
6	1.0
|	Q9NP90
6	1.0
|	P51153
6	1.0
|	Q96E17
6	1.0
|	P51452
4	0.494314226038524
5	0.5056857739614761
|	P51570
13	1.0
|	P51572
7	1.0
|	P48448
16	0.27221903669724773
17	0.7277809633027522
|	P43353
17	1.0
|	P51665
11	1.0
|	P51858
11	0.29225105189340816
12	0.707748948106592
|	P51948
10	1.0
|	P51970
4	1.0
|	P51991
12	0.3992980110312553
13	0.6007019889687448
|	P52565
7	1.0
|	P52597
15	1.0
|	P52815
5	1.0
|	P52907
11	1.0
|	P53004
11	0.30299727520435965
12	0.6970027247956404
|	P53041
19	1.0
|	P53365
12	1.0
|	P53367
13	1.0
|	P53582
13	1.0
|	P53701
9	1.0
|	P53990
15	1.0
|	P54577
20	1.0
|	P54578
19	1.0
|	P54619
12	1.0
|	P54709
9	0.42658679581952585
11	0.312515931684935
12	0.2608972724955391
|	P54819
7	1.0
|	P54920
9	1.0
|	Q9H115
9	1.0
|	P55010
17	0.44706965326787357
18	0.5529303467321264
|	P55036
16	1.0
|	P55039
12	1.0
|	P55209
17	0.4574109368127841
19	0.25729365195719106
20	0.28529541123002494
|	P55263
13	0.62048549437537
14	0.37951450562462996
|	P55735
11	1.0
|	P55795
17	1.0
|	P55809
18	1.0
|	P55957
5	1.0
|	P56537
7	1.0
|	P56545
16	1.0
|	P57081
14	1.0
|	Q99879
2	1.0
|	Q99877
2	1.0
|	Q93079
2	1.0
|	Q5QNW6
2	1.0
|	P62807
2	1.0
|	P58876
2	1.0
|	Q99880
2	1.0
|	P59998
4	1.0
|	P60510
10	1.0
|	P60709
13	0.3426084965075003
14	0.6573915034924996
|	P60842
14	0.36560773480662984
15	0.6343922651933702
|	P60866
2	1.0
|	P60891
10	1.0
|	P60900
7	1.0
|	P60953
5	1.0
|	P17081
5	1.0
|	P60981
3	1.0
|	P61006
6	1.0
|	P61009
5	1.0
|	P61019
5	0.15655965120887833
6	0.8434403487911216
|	P61020
6	0.15787957360991067
7	0.8421204263900893
|	P61026
6	1.0
|	P61081
4	0.3851021753460778
5	0.6148978246539222
|	P61086
6	1.0
|	P61088
3	1.0
|	Q5JXB2
3	1.0
|	P61106
6	1.0
|	P61158
15	1.0
|	Q9P1U1
15	1.0
|	P61163
14	1.0
|	P61224
5	1.0
|	A6NIZ1
5	1.0
|	P61247
9	1.0
|	P61254
3	0.2426799641989515
4	0.7573200358010485
|	P61289
9	1.0
|	P61313
6	1.0
|	P61353
3	1.0
|	P61586
5	1.0
|	P61916
4	1.0
|	P61923
4	1.0
|	P61964
11	1.0
|	P61978
18	0.38809077659795965
20	0.3472829481574016
21	0.2646262752446387
|	P61981
7	0.2531083481349911
8	0.7468916518650088
|	P62070
6	1.0
|	P62081
5	1.0
|	P62136
11	1.0
|	P62140
11	1.0
|	P62191
18	1.0
|	P62195
14	1.0
|	P62241
7	1.0
|	P62244
2	1.0
|	P62258
8	1.0
|	P62263
3	1.0
|	P62266
3	1.0
|	P62269
3	1.0
|	P62277
3	1.0
|	P62280
3	0.5156066651020887
4	0.4843933348979113
|	P62318
2	1.0
|	P62424
8	1.0
|	P62495
16	0.3256049847848138
17	0.6743950152151862
|	P62633
4	1.0
|	P62701
8	1.0
|	Q8TD47
8	1.0
|	P22090
8	1.0
|	P62745
5	1.0
|	P62750
3	0.5300266448042632
4	0.46997335519573685
|	P62753
8	0.4004880694143167
9	0.5995119305856833
|	P62805
1	1.0
|	P62820
5	0.151417004048583
6	0.8485829959514171
|	P59190
6	1.0
|	P62826
7	1.0
|	P62829
2	1.0
|	P62847
2	0.310951239008793
3	0.689048760991207
|	P62851
2	0.3000127339870114
3	0.6999872660129887
|	P62854
1	0.16996291718170584
2	0.8300370828182941
|	Q5JNZ5
1	0.16996291718170584
2	0.8300370828182941
|	P62888
1	0.12954221100010976
2	0.8704577889998902
|	P62906
7	1.0
|	P62910
3	1.0
|	P62913
4	1.0
|	P62917
7	0.21683673469387757
8	0.7831632653061225
|	P62937
3	1.0
|	Q9Y536
3	1.0
|	P0DN26
3	1.0
|	F5H284
3	1.0
|	A0A0B4J2A2
3	1.0
|	A0A075B759
3	1.0
|	P0DN37
3	1.0
|	P62993
6	1.0
|	P63000
5	1.0
|	P15153
5	1.0
|	P63092
14	0.4592741935483871
15	0.540725806451613
|	P11488
13	0.6499608457321848
15	0.3500391542678152
|	P19087
13	0.6499608457321848
15	0.3500391542678152
|	P09471
13	0.6499608457321848
15	0.3500391542678152
|	A8MTJ3
13	0.6499608457321848
15	0.3500391542678152
|	P38405
14	0.4592741935483871
15	0.540725806451613
|	P63096
12	1.0
|	P63104
7	1.0
|	P63151
17	1.0
|	Q66LE6
17	1.0
|	Q00005
17	1.0
|	Q9Y2T4
17	1.0
|	P63241
3	1.0
|	Q6IS14
3	1.0
|	Q9GZV4
3	1.0
|	P63261
13	1.0
|	P63279
3	1.0
|	P67775
10	0.3601819970486965
11	0.6398180029513035
|	P62714
10	0.3601819970486965
11	0.6398180029513035
|	P67809
10	0.2992013106696703
15	0.7007986893303297
|	P67812
4	1.0
|	P67870
6	0.28869214389779224
7	0.7113078561022078
|	P68133
13	1.0
|	P68032
13	1.0
|	P63267
13	1.0
|	P62736
13	1.0
|	P68036
3	1.0
|	Q5VTE0
16	1.0
|	P68104
16	1.0
|	P68363
16	0.16877888772923813
17	0.8312211122707619
|	A6NHL2
16	0.16877888772923813
17	0.8312211122707619
|	P68366
17	1.0
|	P68371
17	1.0
|	P68400
14	1.0
|	Q8NEV1
14	1.0
|	P68402
8	1.0
|	P68431
2	0.3585405156537753
3	0.6414594843462247
|	Q16695
2	0.3585405156537753
3	0.6414594843462247
|	Q6NXT2
2	0.3585405156537753
3	0.6414594843462247
|	P78318
13	1.0
|	P78330
7	1.0
|	P78346
8	1.0
|	P78406
12	0.3881743479814219
13	0.6118256520185781
|	P78417
7	0.178859601936525
8	0.821140398063475
|	P82663
4	1.0
|	P82673
12	0.20476137252710405
13	0.795238627472896
|	P82930
7	0.34888209747466625
8	0.6511179025253337
|	P82979
8	0.607801877630301
9	0.3921981223696989
|	P83731
4	1.0
|	P83916
6	1.0
|	P84077
4	1.0
|	P61204
4	1.0
|	P84098
5	0.1949873191108459
6	0.41757422049828435
7	0.3874384603908697
|	P84103
4	1.0
|	P84243
2	0.47550000000000003
3	0.5245
|	Q00169
9	1.0
|	Q00535
9	1.0
|	Q00577
13	1.0
|	Q00688
7	0.6069476971116315
8	0.3930523028883684
|	Q00796
12	1.0
|	Q01085
13	1.0
|	Q01105
12	0.6874074074074075
14	0.3125925925925926
|	P0DME0
12	0.6874074074074075
14	0.3125925925925926
|	Q01130
9	0.48057152814079107
10	0.5194284718592089
|	Q9BRL6
9	0.48057152814079107
10	0.5194284718592089
|	Q01518
18	1.0
|	Q01581
21	1.0
|	Q02127
13	1.0
|	Q02543
5	1.0
|	Q02750
13	0.1886
14	0.8114
|	Q02790
18	1.0
|	Q02878
11	1.0
|	Q03426
13	1.0
|	Q04323
13	1.0
|	Q04917
7	1.0
|	Q05048
16	1.0
|	Q05639
16	1.0
|	Q06203
19	1.0
|	Q06323
8	1.0
|	Q06830
5	0.4215196200949763
6	0.5784803799050238
|	Q07020
5	1.0
|	Q07021
9	1.0
|	Q07812
5	1.0
|	Q07955
7	0.14468788755684167
8	0.8553121124431584
|	Q08257
11	1.0
|	Q08752
13	1.0
|	Q09028
16	0.31338332852610323
17	0.6866166714738968
|	Q0VDF9
18	1.0
|	Q10589
8	1.0
|	Q12765
16	1.0
|	Q12792
12	1.0
|	Q12824
14	1.0
|	Q12846
10	1.0
|	Q12849
17	1.0
|	Q12904
11	1.0
|	Q12905
14	1.0
|	Q12972
13	1.0
|	Q93096
4	1.0
|	Q13043
19	1.0
|	Q13084
8	1.0
|	Q13098
18	0.49343794579172606
19	0.5065620542082739
|	Q13126
8	1.0
|	Q13148
14	1.0
|	Q13151
9	1.0
|	Q13155
11	1.0
|	Q13177
19	0.21646501841136245
20	0.7835349815886377
|	Q13153
20	1.0
|	Q13185
5	1.0
|	Q13242
6	0.1288023418607611
7	0.8711976581392389
|	Q13243
10	1.0
|	Q13247
16	1.0
|	Q13347
11	1.0
|	Q13363
15	1.0
|	Q13442
6	0.49321798568834774
7	0.5067820143116523
|	Q13509
17	1.0
|	Q13547
21	0.4605783866057839
22	0.5394216133942162
|	Q13561
16	1.0
|	Q13564
20	1.0
|	Q13630
13	1.0
|	Q13685
16	0.22043718725309455
17	0.7795628127469054
|	Q13838
16	1.0
|	Q13868
9	1.0
|	Q13895
17	1.0
|	Q13951
5	1.0
|	Q14103
12	0.28597047868671543
13	0.7140295213132846
|	Q14141
17	1.0
|	Q14165
9	1.0
|	Q14232
9	1.0
|	Q14240
15	1.0
|	Q14254
15	1.0
|	Q14318
16	0.16942474389282902
17	0.830575256107171
|	Q14320
12	0.5202010798733941
13	0.4797989201266059
|	Q9Y247
12	0.5202010798733941
13	0.4797989201266059
|	Q14558
12	1.0
|	Q14696
7	1.0
|	Q14919
8	1.0
|	Q15005
6	1.0
|	Q15006
10	1.0
|	Q15008
14	1.0
|	Q15019
13	1.0
|	Q15024
10	1.0
|	Q15056
7	0.18134981968057703
8	0.818650180319423
|	Q15084
15	0.3203033076219113
16	0.6796966923780887
|	Q15102
7	1.0
|	Q15126
5	1.0
|	Q15165
13	1.0
|	Q15181
9	0.5455451713395638
10	0.4544548286604362
|	Q15185
4	1.0
|	Q15233
19	1.0
|	Q15257
12	1.0
|	Q15286
6	1.0
|	Q15363
5	1.0
|	Q15365
12	0.6029919447640967
13	0.3970080552359033
|	Q15366
11	0.5684028867273297
13	0.43159711327267025
|	P57721
12	0.30565371024734983
13	0.6943462897526502
|	Q15427
16	0.2909813596491228
17	0.7090186403508771
|	Q15435
14	0.1621347173643236
15	0.8378652826356765
|	Q15631
6	1.0
|	Q15645
15	1.0
|	Q15654
16	1.0
|	Q15691
9	1.0
|	Q15717
10	1.0
|	Q15785
10	1.0
|	Q15907
6	1.0
|	P62491
6	1.0
|	P57735
6	1.0
|	Q16181
16	1.0
|	Q6ZU15
16	1.0
|	Q16186
14	1.0
|	Q16222
20	1.0
|	Q16543
15	0.5490382010295313
16	0.45096179897046873
|	Q16576
16	1.0
|	Q16762
9	0.39255060728744945
10	0.6074493927125506
|	Q16763
7	1.0
|	Q16774
6	1.0
|	Q16836
10	1.0
|	Q3LXA3
20	1.0
|	Q3MHD2
6	1.0
|	Q3ZCM7
17	1.0
|	Q3ZCQ8
12	1.0
|	Q52LJ0
14	1.0
|	Q53EL6
18	0.12375703845693062
19	0.8762429615430694
|	Q53H96
7	1.0
|	Q562R1
13	1.0
|	Q58FF8
14	0.44274809160305345
15	0.5572519083969465
|	Q5RI15
2	1.0
|	Q5RKV6
8	1.0
|	Q5TDH0
15	1.0
|	Q5VT66
11	1.0
|	Q5VW32
15	1.0
|	Q5VWZ2
7	1.0
|	Q68CQ7
15	1.0
|	Q69YN2
21	0.2665
22	0.7335
|	Q6DKI1
8	1.0
|	Q6I9Y2
6	1.0
|	Q6IAA8
3	1.0
|	Q6IBS0
12	1.0
|	Q6P587
7	1.0
|	Q6PIU2
15	1.0
|	Q6UX04
20	1.0
|	Q6UXN9
10	1.0
|	Q6YN16
14	0.5730039084310441
15	0.4269960915689559
|	Q70Z53
13	1.0
|	Q71DI3
3	1.0
|	Q7L1Q6
15	1.0
|	Q7L2H7
13	1.0
|	Q7L5N1
10	0.3080224985198342
11	0.6919775014801658
|	Q7Z3B4
18	0.13528459670892906
19	0.864715403291071
|	Q7Z4H8
21	0.4919
22	0.5081
|	Q7Z4W1
7	1.0
|	Q7Z7H5
7	1.0
|	Q86TX2
15	1.0
|	Q86V81
8	1.0
|	Q86W42
11	1.0
|	Q86YB8
18	1.0
|	Q8IVS2
13	1.0
|	Q8N183
4	1.0
|	Q8N5M4
5	1.0
|	Q8N5M9
4	1.0
|	Q8N684
18	1.0
|	Q8N6T3
14	1.0
|	Q8NBJ7
10	1.0
|	Q8NBN7
11	1.0
|	Q8NBQ5
9	1.0
|	Q8NBS9
15	1.0
|	Q8NBT2
6	1.0
|	Q8NBU5
12	1.0
|	Q8NC51
15	1.0
|	Q8NCA5
19	1.0
|	Q8NFH3
13	0.49176596599277017
14	0.5082340340072299
|	Q8NFH4
11	1.0
|	Q8NFH5
10	1.0
|	Q8NFI4
15	1.0
|	Q8TAE8
6	1.0
|	Q8TBX8
15	1.0
|	Q8TDP1
4	1.0
|	Q8TEA8
7	0.8464
12	0.1536
|	Q8TED0
19	1.0
|	Q8TED1
6	1.0
|	Q8WUD1
6	1.0
|	Q8WUD4
5	1.0
|	Q8WUK0
5	1.0
|	Q8WVM0
12	1.0
|	Q8WVY7
12	0.42969999999999997
13	0.5703
|	Q8WW12
5	0.1748189744347569
6	0.8251810255652431
|	Q8WW59
5	1.0
|	Q8WXF1
22	1.0
|	Q92520
6	1.0
|	Q92530
8	1.0
|	Q92597
14	1.0
|	Q92643
14	1.0
|	Q92688
8	1.0
|	Q92734
17	0.5481970724741163
18	0.45180292752588364
|	Q92769
20	1.0
|	Q92820
10	1.0
|	Q92879
17	1.0
|	Q92890
12	1.0
|	Q92905
11	1.0
|	Q92917
18	0.3843
19	0.6157
|	Q92930
6	1.0
|	Q92979
7	1.0
|	Q969G3
16	1.0
|	Q969Q5
6	1.0
|	Q969U7
8	1.0
|	Q96A33
19	0.24412502851927903
20	0.7558749714807209
|	Q96A49
16	0.5035846438482886
17	0.49641535615171134
|	Q96A72
3	1.0
|	Q96AG4
10	1.0
|	Q96AT9
6	1.0
|	Q2QD12
6	1.0
|	Q96B26
10	1.0
|	Q96BM9
5	1.0
|	Q96C19
9	1.0
|	Q96C23
12	1.0
|	Q96C36
9	0.6243589743589744
10	0.37564102564102564
|	Q96C86
11	0.6170798898071626
12	0.3829201101928375
|	Q96CN7
9	1.0
|	Q96CS3
17	1.0
|	Q96CT7
8	1.0
|	Q96CW1
16	1.0
|	Q96D46
19	1.0
|	Q96DG6
7	1.0
|	Q96DI7
12	1.0
|	Q96EE3
12	1.0
|	Q96EK6
5	1.0
|	Q96EP5
14	1.0
|	Q96EY8
7	1.0
|	Q96FW1
9	1.0
|	Q96G21
11	1.0
|	Q9H871
14	1.0
|	Q96G75
14	1.0
|	Q96GD0
9	1.0
|	Q96HE7
20	0.21139927623642943
21	0.7886007237635706
|	Q96HS1
9	0.2531539108494533
10	0.7468460891505467
|	Q96HY6
13	1.0
|	Q96I24
21	1.0
|	Q96I25
17	1.0
|	Q96IU4
6	1.0
|	Q96J01
12	1.0
|	Q96K17
4	1.0
|	Q96KP4
17	1.0
|	Q96P16
10	1.0
|	Q96PU8
12	0.36057692307692313
13	0.639423076923077
|	Q96QR8
12	1.0
|	Q96S44
8	1.0
|	Q99426
8	0.15960313571778542
9	0.8403968642822146
|	Q99436
8	1.0
|	Q99497
6	1.0
|	Q99536
14	1.0
|	Q99598
9	1.0
|	Q99615
19	1.0
|	Q99623
10	1.0
|	Q99627
5	1.0
|	Q99653
6	1.0
|	Q99714
7	1.0
|	Q99720
7	1.0
|	Q99729
11	0.3613528972892316
12	0.6386471027107684
|	Q99733
17	0.48981151299032094
19	0.5101884870096791
|	Q99816
15	0.5335
16	0.4665
|	Q99829
20	0.2992885375494071
21	0.7007114624505929
|	Q99873
13	1.0
|	Q99961
14	0.18181818181818185
15	0.8181818181818181
|	Q99962
14	0.18181818181818185
15	0.8181818181818181
|	Q9BPX5
4	1.0
|	Q9BQ67
17	0.3228529839883552
18	0.6771470160116448
|	Q9BQ75
10	1.0
|	Q9BQA1
12	0.20418915445900798
13	0.795810845540992
|	Q9BQE3
16	0.1788273615635179
17	0.8211726384364821
|	Q9BQE5
11	1.0
|	Q9BRJ6
5	1.0
|	Q9BRJ7
6	1.0
|	Q9BRP4
13	1.0
|	Q9BRT9
8	1.0
|	Q9BRX2
14	1.0
|	Q9BRX5
7	1.0
|	Q9BRX8
6	1.0
|	Q9BS26
15	1.0
|	Q9BSD7
5	1.0
|	Q9BSH5
7	1.0
|	Q9BSV6
10	1.0
|	Q9BTE7
7	1.0
|	Q9BTT0
9	1.0
|	Q9BTY7
15	1.0
|	Q9BTZ2
8	1.0
|	Q6PKH6
8	1.0
|	Q9BUF5
17	1.0
|	Q9BUI4
21	0.1597
22	0.8403
|	Q9BUL8
7	1.0
|	Q9BUT1
7	1.0
|	Q9BV20
12	1.0
|	Q9BV86
6	0.13864998696898617
7	0.8613500130310138
|	Q9BVK6
7	1.0
|	Q9BW91
12	1.0
|	Q9BWF3
12	1.0
|	Q9BXS5
15	0.4081718618365628
16	0.5918281381634373
|	Q9Y6Q5
15	0.4081718618365628
16	0.5918281381634373
|	Q9BXY0
14	1.0
|	Q9BY32
5	1.0
|	Q9BYC9
3	1.0
|	Q9BYD1
5	1.0
|	Q9BYD3
10	1.0
|	Q9BYG3
11	1.0
|	Q9BYN8
6	1.0
|	Q9BZK7
18	1.0
|	Q9BZX2
8	1.0
|	Q9BZZ5
21	1.0
|	Q9GZL7
16	1.0
|	Q9GZN8
4	1.0
|	Q9GZS3
9	1.0
|	Q9GZZ1
4	1.0
|	Q9H061
5	1.0
|	Q9H074
21	1.0
|	Q9H0C8
14	1.0
|	Q9H0S4
16	1.0
|	Q9H0U4
6	1.0
|	Q92928
6	1.0
|	Q9H0U6
4	1.0
|	Q9H1E3
9	0.2383
13	0.46080000000000004
14	0.30090000000000006
|	Q9H223
22	1.0
|	Q9H3N1
9	0.465508601970937
10	0.534491398029063
|	Q9H3R5
10	1.0
|	Q9H444
9	0.2404389757233123
10	0.7595610242766877
|	Q9H488
14	1.0
|	Q9H4A6
10	1.0
|	Q9H4M9
20	1.0
|	Q9NZN3
20	1.0
|	Q9H7B2
10	1.0
|	Q9H832
13	1.0
|	Q9H8H3
7	1.0
|	Q9H8S9
6	1.0
|	Q9H8Y8
18	1.0
|	Q9H9B4
10	1.0
|	Q9H9J2
11	1.0
|	Q9HAB8
10	1.0
|	Q9HAV7
6	1.0
|	Q9HB07
13	1.0
|	Q9HB71
8	1.0
|	Q9HBM1
7	1.0
|	Q9HC38
10	1.0
|	Q9HCN4
13	1.0
|	Q9HDC9
15	0.5093208186677096
16	0.4906791813322905
|	Q9NP72
5	0.19840000000000002
6	0.8016000000000001
|	Q9NP79
11	1.0
|	Q9NP92
16	1.0
|	Q9NPD3
7	1.0
|	Q9NPD8
6	1.0
|	Q9NPF4
11	1.0
|	Q9NPQ8
21	0.23922369765066392
22	0.760776302349336
|	Q9NVN3
21	0.23922369765066392
22	0.760776302349336
|	Q9NQ48
11	1.0
|	Q9NQ88
8	1.0
|	Q9NQR4
8	1.0
|	Q9NQT4
7	1.0
|	Q9NQT5
9	1.0
|	Q9NR31
5	0.5167905665214048
6	0.4832094334785952
|	Q9NR45
12	1.0
|	Q9NR50
17	0.39288190432170095
18	0.607118095678299
|	Q9NR56
13	1.0
|	Q9NRG7
8	1.0
|	Q9NRG9
20	1.0
|	Q9NRN7
11	1.0
|	Q9NRV9
6	1.0
|	Q9NRX1
7	0.4331674153211121
9	0.566832584678888
|	Q9NRX2
4	1.0
|	Q9NS69
4	1.0
|	Q9NT62
12	1.0
|	Q9NTK5
14	1.0
|	Q9NTM9
8	1.0
|	Q9NTX5
9	1.0
|	Q9NUU7
18	1.0
|	Q9UHL0
18	1.0
|	Q9NV31
5	1.0
|	Q9NVA2
16	1.0
|	Q9NVJ2
5	1.0
|	Q9NW64
16	1.0
|	Q9NWS0
11	1.0
|	Q9NWV4
6	1.0
|	Q9NX24
4	1.0
|	Q9NX40
10	1.0
|	Q9NX63
7	1.0
|	Q9NXG2
15	1.0
|	Q9NXR7
14	1.0
|	Q9NYK5
11	1.0
|	Q9NYL9
13	1.0
|	Q9NZL4
12	1.0
|	Q9NZL9
11	0.3153284671532846
12	0.6846715328467153
|	Q9P000
5	1.0
|	Q9P015
9	1.0
|	Q9P032
5	1.0
|	Q9P0I2
8	1.0
|	Q9P0L0
8	1.0
|	Q9P0M6
13	1.0
|	Q9P258
18	0.2857925493060628
19	0.7142074506939372
|	Q9P289
17	1.0
|	O00506
17	1.0
|	Q9P2T1
12	1.0
|	Q9UBE0
12	0.2634408602150538
13	0.7365591397849462
|	Q9UBP6
9	1.0
|	Q9UBQ0
5	1.0
|	Q9UBQ5
6	1.0
|	Q9UBQ7
10	0.1908745247148289
11	0.8091254752851711
|	Q9UBS4
12	0.3886026541764247
13	0.6113973458235754
|	Q9UBW8
8	1.0
|	Q9UDX5
4	1.0
|	Q9UDY4
12	1.0
|	Q9UGI8
15	1.0
|	Q9UGV2
14	1.0
|	Q9UHD1
11	1.0
|	Q9UHX1
20	1.0
|	Q9UHY7
9	1.0
|	Q9UIJ7
7	1.0
|	Q9UJ70
11	1.0
|	Q9UJA5
19	0.24600132187706542
20	0.7539986781229346
|	Q9UJW0
19	1.0
|	Q9UJZ1
13	1.0
|	Q9UKD2
8	1.0
|	Q9UKK9
8	0.25917729757875546
9	0.7408227024212445
|	Q9UKL0
20	0.5352529012480841
21	0.46474709875191594
|	Q9UKM9
11	1.0
|	Q9UKS6
17	1.0
|	Q9UKX7
18	1.0
|	Q9UKY7
10	1.0
|	Q9UL25
7	1.0
|	Q9UL46
8	1.0
|	Q9ULC4
4	0.3186650185414091
5	0.6813349814585908
|	Q9ULR0
12	1.0
|	Q9ULV4
18	0.5001574803149607
19	0.4998425196850394
|	Q9UMS4
18	1.0
|	Q9UN37
16	0.3987066562604527
17	0.6012933437395473
|	Q9UN86
18	0.22093437945791727
22	0.7790656205420828
|	Q9UNE7
10	1.0
|	Q9UNF0
21	0.4112640801001251
22	0.5887359198998748
|	Q9UNH7
15	0.20691971783674842
16	0.7930802821632517
|	Q9UNI6
11	1.0
|	Q9UNL2
4	1.0
|	Q9UNM6
13	1.0
|	Q9UNN8
11	0.2197
12	0.7803
|	Q9UNX3
3	1.0
|	Q9UNZ2
14	0.5741197183098591
15	0.42588028169014086
|	Q9UQ80
15	1.0
|	Q9Y221
4	0.1690610035394545
5	0.8309389964605455
|	Q9Y224
7	1.0
|	Q9Y230
16	1.0
|	Q9Y265
16	0.490031746031746
17	0.509968253968254
|	Q9Y266
14	1.0
|	Q9Y277
8	1.0
|	Q9Y281
4	1.0
|	Q9Y282
15	1.0
|	Q9Y285
19	1.0
|	Q9Y295
13	1.0
|	Q9Y2B0
4	1.0
|	Q9Y2C4
12	1.0
|	Q9Y2P8
12	1.0
|	Q9Y2Q3
6	1.0
|	Q9Y2R9
7	1.0
|	Q9Y2T2
15	1.0
|	P53677
15	1.0
|	Q9Y2Z0
12	1.0
|	Q9Y305
16	1.0
|	Q9Y314
9	1.0
|	Q9Y315
10	1.0
|	Q9Y371
12	0.13945794630360098
13	0.860542053696399
|	Q9Y376
16	0.6555403556771546
21	0.3444596443228454
|	Q9Y383
17	1.0
|	Q9Y394
11	0.36297376093294464
12	0.6370262390670554
|	Q9Y3A5
8	1.0
|	Q9Y3B2
5	1.0
|	Q9Y3B3
7	0.7753384559092572
10	0.2246615440907428
|	Q9Y3B7
5	1.0
|	Q9Y3B8
7	1.0
|	Q9Y3C8
5	1.0
|	Q9Y3D9
5	1.0
|	Q9Y3E5
4	1.0
|	Q9Y3F4
12	1.0
|	Q9Y3I0
18	1.0
|	Q9Y3Y2
7	0.27926242650988775
8	0.7207375734901122
|	Q9Y508
7	1.0
|	Q9Y512
17	0.36958266452648475
18	0.6304173354735153
|	Q9Y570
13	1.0
|	Q9Y5K5
11	1.0
|	Q9Y5K8
9	1.0
|	Q9Y5M8
8	1.0
|	Q9Y5P6
12	1.0
|	Q9Y5Q8
20	0.5844389844389845
21	0.4155610155610156
|	Q9Y5S9
5	1.0
|	Q9Y5X3
15	1.0
|	Q9Y5Y2
8	1.0
|	Q9Y617
12	1.0
|	Q9Y676
9	1.0
|	Q9Y696
8	1.0
|	Q9Y6A4
5	1.0
|	Q9Y6B6
6	1.0
|	Q9Y6C9
9	1.0
|	Q9Y6E0
17	1.0
|	Q9Y6E2
15	1.0
|	Q9Y6G9
19	1.0
